2,13,14,15,16,3,4,5,6,7,8,9,10->1
2,12,13,14,16,3,4,5,6,7,9,10->1
2,11,12,13,14,16,17,3,4,5,6,7,9->1
2,11,12,13,14,16,3,4,5,6,8,9->1
2,11,12,13,14,16,3,4,5,7,9,10->1
2,11,13,14,15,16,3,4,5,7,9,10->1
2,11,12,13,14,15,16,3,4,5,8,9->1
2,11,12,13,16,3,5,6,7,8,9,10->1
2,12,13,14,16,3,5,6,7,8,9,10->1
2,13,14,15,16,17,3,5,6,7,8,9,10->1
2,11,12,13,14,15,16,3,5,6,7,9->1
2,11,12,13,14,15,16,3,5,6,8,9->1
2,11,12,13,14,16,17,3,5,6,9,10->1
2,11,12,13,14,16,3,5,7,8,9,10->1
2,11,12,13,16,17,3,5,7,8,9,10->1
2,11,12,13,14,15,16,3,5,7,8,9->1
2,11,12,13,14,15,16,3,5,7,9,10->1
2,11,13,14,15,16,17,3,5,7,9,10->1
2,11,12,13,14,15,16,3,5,8,9,10->1
2,11,12,13,14,15,16,17,3,5,8,9->1
2,11,12,13,14,15,16,17,3,5,9,10->1
2,11,12,13,14,15,16,17,4,5,8,9->1
2,11,12,13,15,16,5,6,7,8,9,10->1
2,11,12,13,14,15,16,17,5,6,8,9->1
2,11,12,13,14,15,16,17,5,6,9,10->1
2,11,12,13,15,16,17,5,7,8,9,10->1
2,11,12,13,14,15,16,17,5,7,9,10->1
11,12,13,14,16,17,3,4,5,6,7,8,9->1
11,12,14,16,17,3,4,5,6,7,9,10->1
11,12,13,14,16,3,4,5,7,8,9,10->1
11,12,13,16,17,3,4,5,7,8,9,10->1
11,13,14,15,16,3,4,5,7,8,9,10->1
11,12,13,14,16,17,3,4,5,7,9,10->1
11,13,14,15,16,17,3,4,5,7,9,10->1
11,12,13,14,15,16,3,4,5,7,9->1
11,12,13,14,15,16,3,4,5,8,9,10->1
11,12,13,16,17,3,5,6,7,8,9,10->1
11,12,14,16,17,3,5,6,7,8,9,10->1
11,12,15,16,17,3,5,6,7,8,9,10->1
11,13,14,15,16,3,5,6,7,8,9->1
11,12,13,14,16,3,5,6,7,9,10->1
11,13,14,15,16,3,5,6,7,9,10->1
11,12,13,14,15,16,17,3,5,6,7,9->1
11,12,13,14,16,3,5,6,8,9,10->1
11,12,13,14,15,16,17,3,5,6,9,10->1
11,12,13,14,15,16,3,5,7,8,9,10->1
11,12,13,14,16,17,3,5,7,8,9,10->1
11,12,13,15,16,17,3,5,7,8,9,10->1
11,13,14,15,16,17,3,5,7,8,9,10->1
11,12,13,14,15,16,17,3,5,7,8,9->1
11,13,14,15,16,4,5,6,7,8,9->1
11,12,13,14,15,16,4,5,6,7,9->1
11,12,13,15,16,17,4,5,7,8,9,10->1
11,12,13,14,15,16,17,4,5,7,9->1
11,12,13,14,15,16,17,4,5,9,10->1
11,12,13,15,16,17,5,6,7,8,9,10->1
11,13,14,15,16,5,6,7,8,9,10->1
11,12,13,14,15,16,5,6,7,8,9->1
11,12,13,14,15,16,17,5,6,7,9,10->1
11,12,13,14,15,16,5,6,8,9,10->1
11,12,13,14,15,16,17,5,7,8,9,10->1
