FDs for attr 0
{1, 2, 3, 4, 5, 6, 7, 8, 9, 12, 13, 14, 15}
{1, 2, 3, 4, 5, 6, 8, 9, 11, 12, 13, 15}
{1, 2, 3, 4, 5, 7, 8, 10, 11, 12, 13, 15}
{1, 2, 3, 4, 6, 7, 8, 9, 10, 11, 12, 15}
{1, 2, 3, 4, 6, 8, 9, 10, 12, 13, 14, 15}
{1, 2, 3, 4, 7, 8, 10, 11, 12, 13, 14, 15}
{1, 2, 3, 5, 6, 8, 10, 11, 12, 13, 15, 16}
{1, 2, 3, 5, 7, 8, 10, 11, 12, 13, 15, 16}
{1, 2, 3, 6, 8, 9, 10, 11, 12, 13, 15}
{1, 2, 3, 7, 8, 10, 11, 12, 13, 14, 15, 16}
{1, 2, 4, 5, 6, 7, 8, 9, 10, 11, 12, 15}
{1, 2, 4, 5, 6, 7, 8, 9, 11, 12, 13, 15}
{1, 2, 4, 5, 6, 7, 8, 9, 12, 13, 14, 15, 16}
{1, 2, 4, 5, 6, 8, 10, 11, 12, 13, 14, 15}
{1, 2, 4, 5, 7, 8, 10, 11, 12, 13, 14, 15}
{1, 2, 4, 6, 7, 8, 9, 10, 11, 12, 15, 16}
{1, 2, 4, 6, 7, 8, 10, 11, 12, 13, 14, 15}
{1, 2, 4, 6, 8, 9, 10, 11, 12, 13, 14, 15}
{1, 2, 4, 7, 8, 10, 11, 12, 13, 14, 15, 16}
{1, 2, 5, 6, 8, 9, 10, 11, 12, 13, 15}
{1, 2, 5, 8, 9, 10, 11, 12, 13, 15, 16}
{1, 2, 6, 7, 8, 9, 10, 11, 12, 13, 15}
{1, 2, 7, 8, 9, 10, 11, 12, 13, 14, 15}
{1, 2, 8, 9, 10, 11, 12, 13, 14, 15, 16}
{1, 3, 4, 7, 8, 10, 11, 12, 13, 14, 15, 16}
{1, 4, 5, 6, 7, 8, 9, 10, 11, 12, 14, 15}
{1, 4, 5, 7, 8, 10, 11, 12, 13, 14, 15, 16}
{1, 4, 6, 7, 8, 9, 10, 11, 12, 14, 15, 16}
{1, 5, 6, 7, 8, 9, 10, 12, 13, 14, 15, 16}
{1, 5, 6, 7, 8, 10, 11, 12, 13, 14, 15, 16}
{1, 5, 8, 9, 10, 11, 12, 13, 14, 15, 16}
{1, 6, 8, 9, 10, 11, 12, 13, 14, 15, 16}
{2, 3, 4, 6, 7, 8, 9, 10, 11, 12, 15, 16}
{2, 3, 4, 6, 8, 10, 11, 12, 13, 14, 15}
{2, 3, 5, 6, 7, 8, 10, 11, 12, 13, 15, 16}
{2, 3, 5, 6, 8, 9, 10, 11, 13, 15, 16}
{2, 3, 6, 7, 8, 9, 10, 11, 12, 13, 15}
{2, 3, 6, 7, 8, 9, 10, 12, 13, 14, 15}
{2, 3, 6, 8, 9, 10, 11, 12, 13, 15, 16}
{2, 3, 6, 8, 10, 11, 12, 13, 14, 15, 16}
{2, 3, 7, 8, 9, 10, 11, 12, 13, 14, 15}
{2, 3, 8, 9, 10, 11, 12, 13, 14, 15, 16}
{2, 4, 5, 6, 7, 8, 9, 10, 11, 12, 15, 16}
{2, 4, 5, 6, 7, 8, 9, 10, 11, 14, 15, 16}
{2, 4, 5, 6, 7, 8, 10, 12, 13, 14, 15}
{2, 4, 5, 6, 8, 9, 10, 11, 12, 13, 15}
{2, 4, 5, 6, 8, 9, 10, 12, 13, 14, 15}
{2, 4, 5, 7, 8, 9, 10, 11, 12, 13, 15}
{2, 4, 6, 7, 8, 9, 10, 11, 12, 13, 15, 16}
{2, 4, 6, 7, 8, 9, 10, 11, 12, 14, 15, 16}
{2, 4, 6, 8, 9, 10, 12, 13, 14, 15, 16}
{2, 5, 6, 7, 8, 9, 10, 11, 12, 13, 15}
{2, 5, 6, 7, 8, 9, 10, 11, 13, 15, 16}
{2, 5, 6, 7, 8, 9, 10, 12, 13, 14, 15}
{2, 5, 6, 7, 8, 10, 12, 13, 14, 15, 16}
{2, 5, 6, 8, 9, 10, 11, 12, 13, 15, 16}
{2, 5, 6, 8, 10, 11, 12, 13, 14, 15, 16}
{2, 5, 7, 8, 9, 10, 11, 12, 13, 14, 15}
{2, 5, 7, 8, 9, 10, 11, 12, 13, 15, 16}
{2, 5, 8, 9, 10, 11, 12, 13, 14, 15, 16}
{2, 6, 7, 8, 9, 10, 11, 12, 13, 14, 15}
{2, 6, 7, 8, 9, 10, 12, 13, 14, 15, 16}
{2, 6, 7, 8, 10, 11, 12, 13, 14, 15, 16}
{2, 6, 8, 9, 10, 11, 12, 13, 14, 15, 16}
{3, 4, 5, 6, 7, 8, 10, 12, 13, 14, 15}
{3, 4, 5, 6, 8, 10, 11, 12, 13, 14, 15}
{3, 4, 6, 7, 8, 9, 10, 11, 12, 14, 15, 16}
{3, 4, 6, 8, 10, 11, 12, 13, 14, 15, 16}
{3, 4, 8, 9, 10, 11, 12, 13, 14, 15, 16}
{3, 5, 6, 7, 8, 9, 10, 12, 13, 14, 15, 16}
{3, 5, 6, 8, 10, 11, 12, 13, 14, 15, 16}
{3, 5, 7, 8, 9, 10, 11, 12, 13, 14, 15}
{3, 5, 8, 9, 10, 11, 12, 13, 14, 15, 16}
{3, 7, 8, 9, 10, 11, 12, 13, 14, 15, 16}
{4, 5, 6, 7, 8, 9, 10, 11, 12, 14, 15, 16}
{4, 5, 6, 7, 8, 9, 10, 12, 13, 14, 15}
{4, 5, 6, 7, 8, 10, 11, 12, 13, 14, 15}
{4, 5, 7, 8, 9, 10, 11, 12, 13, 14, 15}
{4, 6, 8, 9, 10, 11, 12, 13, 14, 15, 16}
FDs for attr 1
FDs for attr 2
FDs for attr 3
FDs for attr 4
FDs for attr 5
FDs for attr 6
FDs for attr 7
FDs for attr 8
FDs for attr 9
FDs for attr 10
FDs for attr 11
FDs for attr 12
FDs for attr 13
FDs for attr 14
FDs for attr 15
FDs for attr 16

