FDs for attr 0
{1, 2, 3, 4, 5, 6, 7, 8, 9, 12, 13, 14, 15}
{1, 2, 3, 4, 5, 6, 8, 9, 11, 12, 13, 15}
{1, 2, 3, 4, 5, 6, 8, 9, 11, 13, 15, 16}
{1, 2, 3, 4, 5, 7, 8, 10, 11, 12, 13, 15}
{1, 2, 3, 4, 6, 7, 8, 9, 10, 11, 12, 15}
{1, 2, 3, 4, 6, 8, 9, 10, 11, 13, 15, 16}
{1, 2, 3, 4, 6, 8, 9, 10, 12, 13, 14, 15}
{1, 2, 3, 4, 7, 8, 10, 11, 12, 13, 14, 15}
{1, 2, 3, 4, 8, 9, 10, 12, 13, 14, 15, 16}
{1, 2, 3, 5, 7, 8, 10, 12, 13, 14, 15, 16}
{1, 2, 3, 6, 8, 9, 10, 11, 12, 13, 15}
{1, 2, 3, 6, 8, 10, 11, 12, 13, 15, 16}
{1, 2, 3, 7, 8, 9, 10, 12, 13, 14, 15, 16}
{1, 2, 3, 7, 8, 10, 11, 12, 13, 15, 16}
{1, 2, 3, 8, 9, 10, 11, 12, 13, 15, 16}
{1, 2, 4, 5, 6, 7, 8, 9, 10, 11, 12, 15}
{1, 2, 4, 5, 6, 7, 8, 9, 11, 12, 13, 15}
{1, 2, 4, 5, 6, 7, 8, 9, 11, 13, 15, 16}
{1, 2, 4, 5, 6, 7, 8, 9, 13, 14, 15, 16}
{1, 2, 4, 5, 7, 8, 10, 11, 12, 13, 14, 15}
{1, 2, 4, 6, 7, 8, 9, 10, 11, 12, 15, 16}
{1, 2, 4, 6, 7, 8, 9, 10, 11, 14, 15, 16}
{1, 2, 4, 6, 7, 8, 9, 10, 13, 14, 15, 16}
{1, 2, 4, 6, 8, 10, 11, 12, 13, 14, 15}
{1, 2, 4, 7, 8, 9, 10, 11, 12, 13, 15}
{1, 2, 5, 6, 8, 9, 10, 11, 12, 13, 15}
{1, 2, 5, 8, 9, 10, 11, 12, 13, 15, 16}
{1, 2, 6, 7, 8, 9, 10, 11, 12, 13, 15}
{1, 2, 7, 8, 9, 10, 11, 12, 13, 14, 15}
{1, 2, 7, 8, 9, 10, 11, 12, 13, 15, 16}
{1, 2, 7, 8, 10, 11, 12, 13, 14, 15, 16}
{1, 2, 8, 9, 10, 11, 12, 13, 14, 15, 16}
{1, 4, 5, 6, 7, 8, 9, 10, 11, 12, 14, 15}
{1, 4, 5, 6, 8, 10, 11, 12, 13, 14, 15}
{1, 4, 7, 8, 10, 11, 12, 13, 14, 15, 16}
{1, 4, 8, 9, 10, 11, 12, 13, 14, 15, 16}
{1, 5, 6, 8, 10, 11, 12, 13, 14, 15, 16}
{1, 5, 7, 8, 9, 10, 11, 12, 13, 14, 15}
{1, 5, 8, 9, 10, 11, 12, 13, 14, 15, 16}
{1, 6, 8, 9, 10, 11, 12, 13, 14, 15, 16}
{1, 7, 8, 9, 10, 11, 12, 13, 14, 15, 16}
{2, 3, 4, 5, 6, 8, 9, 10, 13, 14, 15, 16}
{2, 3, 4, 5, 8, 9, 10, 12, 13, 14, 15, 16}
{2, 3, 4, 6, 7, 8, 9, 10, 11, 12, 15, 16}
{2, 3, 4, 6, 7, 8, 9, 10, 13, 14, 15, 16}
{2, 3, 4, 6, 8, 9, 10, 11, 13, 14, 15, 16}
{2, 3, 4, 6, 8, 10, 11, 12, 13, 14, 15}
{2, 3, 5, 6, 8, 9, 10, 11, 13, 15, 16}
{2, 3, 5, 7, 8, 9, 10, 12, 13, 14, 15}
{2, 3, 6, 7, 8, 9, 10, 12, 13, 14, 15}
{2, 3, 6, 7, 8, 10, 11, 12, 13, 15, 16}
{2, 3, 6, 7, 8, 10, 12, 13, 14, 15, 16}
{2, 3, 6, 8, 9, 10, 11, 12, 13, 15, 16}
{2, 3, 7, 8, 9, 10, 11, 12, 13, 15}
{2, 3, 8, 9, 10, 11, 12, 13, 14, 15, 16}
{2, 4, 5, 6, 7, 8, 9, 10, 11, 12, 15, 16}
{2, 4, 5, 6, 7, 8, 9, 10, 11, 14, 15, 16}
{2, 4, 5, 6, 7, 8, 10, 12, 13, 14, 15}
{2, 4, 5, 6, 8, 9, 10, 11, 12, 13, 15}
{2, 4, 5, 6, 8, 9, 10, 12, 13, 14, 15}
{2, 4, 6, 7, 8, 9, 10, 11, 13, 15, 16}
{2, 4, 6, 8, 9, 10, 12, 13, 14, 15, 16}
{2, 5, 6, 7, 8, 9, 10, 11, 13, 15, 16}
{2, 5, 6, 7, 8, 9, 10, 12, 13, 14, 15}
{2, 5, 6, 7, 8, 9, 10, 13, 14, 15, 16}
{2, 5, 6, 7, 8, 10, 12, 13, 14, 15, 16}
{2, 5, 6, 8, 9, 10, 11, 12, 13, 15, 16}
{2, 5, 7, 8, 9, 10, 11, 12, 13, 15}
{2, 5, 8, 9, 10, 11, 12, 13, 14, 15, 16}
{2, 6, 7, 8, 9, 10, 11, 12, 13, 14, 15}
{2, 6, 7, 8, 9, 10, 12, 13, 14, 15, 16}
{2, 6, 8, 10, 11, 12, 13, 14, 15, 16}
{3, 4, 5, 6, 7, 8, 10, 12, 13, 14, 15}
{3, 4, 5, 6, 8, 10, 11, 12, 13, 14, 15}
{3, 4, 5, 7, 8, 9, 10, 12, 13, 14, 15}
{3, 4, 8, 9, 10, 11, 12, 13, 14, 15, 16}
{3, 5, 6, 8, 10, 11, 12, 13, 14, 15, 16}
{3, 5, 7, 8, 9, 10, 11, 12, 13, 14, 15}
{3, 5, 7, 8, 9, 10, 12, 13, 14, 15, 16}
{3, 5, 8, 9, 10, 11, 12, 13, 14, 15, 16}
{3, 7, 8, 9, 10, 11, 12, 13, 14, 15, 16}
{4, 5, 6, 7, 8, 9, 10, 12, 13, 14, 15}
{4, 5, 6, 7, 8, 10, 11, 12, 13, 14, 15}
{4, 5, 6, 8, 9, 10, 11, 12, 13, 14, 15}
{4, 5, 7, 8, 9, 10, 11, 12, 13, 14, 15}
{4, 6, 7, 8, 9, 10, 11, 12, 14, 15, 16}
{4, 6, 8, 10, 11, 12, 13, 14, 15, 16}
{5, 6, 7, 8, 9, 10, 11, 12, 13, 14, 15}
{5, 6, 7, 8, 9, 10, 12, 13, 14, 15, 16}
{5, 6, 8, 9, 10, 11, 12, 13, 14, 15, 16}
{5, 7, 8, 9, 10, 11, 12, 13, 14, 15, 16}

